District Six
52.61458662
45.82792183
39.04125703
34.60322455
30.16519206
26.76967622
23.37416038
21.13094639
18.8877324
18.3152336
17.74273479
16.79305491
15.84337502
14.89369514
13.94401525
12.99433537
12.71658558
12.43883579
12.161086
11.88333621
11.60558642
11.4982404
11.39089438
11.28354836
11.17620234
11.06885633
10.96151031
10.85416429
10.74681827
10.63947225
10.53212623
10.52514535
10.51816448
10.5111836
10.50420273
10.49722185
10.49024097
10.4832601
10.47627922
10.46929835
10.46231747
17.32797721
15.69968927
14.07140133
13.0406301
12.00985886
11.18897058
10.3680823
9.796283241
9.224484181
8.925541609
8.626599037
8.34221791
8.057836783
7.773455655
7.489074528
7.204693401
7.152063545
7.099433689
7.046803833
6.994173977
6.941544121
6.918759009
6.895973896
6.873188784
6.850403671
6.827618559
6.804833447
6.782048334
6.759263222
6.736478109
6.713692997
6.712764913
6.711836829
6.710908745
6.709980661
6.709052577
6.708124492
6.707196408
6.706268324
6.70534024
6.704412156
11.75036523
10.74150076
9.732636283
9.089935676
8.447235069
7.930309244
7.413383418
7.046020249
6.67865708
6.483255944
6.287854808
6.101479803
5.915104797
5.728729792
5.542354786
5.355979781
5.323075835
5.290171888
5.257267942
5.224363995
5.191460049
5.175044299
5.158628549
5.1422128
5.12579705
5.1093813
5.09296555
5.0765498
5.060134051
5.043718301
5.027302551
5.026481434
5.025660317
5.024839201
5.024018084
5.023196967
5.02237585
5.021554733
5.020733617
5.0199125
5.019091383
9.826589311
9.028771538
8.230953765
7.723622561
7.216291356
6.805257911
6.394224466
6.100391157
5.806557847
5.644619812
5.482681777
5.331703432
5.180725088
5.029746743
4.878768399
4.727790054
4.70311411
4.678438165
4.653762221
4.629086276
4.604410332
4.590681207
4.576952083
4.563222958
4.549493833
4.535764709
4.522035584
4.508306459
4.494577334
4.48084821
4.467119085
4.466333974
4.465548862
4.464763751
4.46397864
4.463193529
4.462408417
4.461623306
4.460838195
4.460053083
4.459267972
8.604074226
7.921614038
7.239153849
6.8060663
6.372978751
6.021850369
5.670721986
5.419212006
5.167702025
5.025191167
4.882680308
4.752859381
4.623038453
4.493217526
4.363396598
4.233575671
4.213112803
4.192649936
4.172187068
4.151724201
4.131261333
4.119167286
4.107073239
4.094979192
4.082885145
4.070791099
4.058697052
4.046603005
4.034508958
4.022414911
4.010320864
4.009580772
4.008840679
4.008100587
4.007360494
4.006620402
4.005880309
4.005140217
4.004400124
4.003660032
4.002919939
7.343803249
6.750873025
6.1579428
5.781902468
5.405862136
5.103778782
4.801695427
4.585803893
4.369912358
4.246669579
4.1234268
4.012706872
3.901986944
3.791267017
3.680547089
3.569827161
3.55168184
3.53353652
3.515391199
3.497245879
3.479100558
3.468392225
3.457683892
3.446975559
3.436267226
3.425558893
3.41485056
3.404142227
3.393433894
3.382725561
3.372017228
3.37135816
3.370699092
3.370040024
3.369380956
3.368721888
3.368062819
3.367403751
3.366744683
3.366085615
3.365426547
6.79789695
6.266202417
5.734507883
5.39889051
5.063273136
4.794526623
4.52578011
4.333104462
4.140428814
4.026457418
3.912486022
3.813927282
3.715368543
3.616809803
3.518251064
3.419692324
3.404438322
3.38918432
3.373930317
3.358676315
3.343422313
3.333889495
3.324356676
3.314823858
3.305291039
3.295758221
3.286225403
3.276692584
3.267159766
3.257626947
3.248094129
3.247461052
3.246827974
3.246194897
3.24556182
3.244928743
3.244295665
3.243662588
3.243029511
3.242396433
3.241763356
6.249400656
5.762016018
5.27463138
4.968547939
4.662464497
4.416854507
4.171244516
3.995275104
3.819305692
3.721466177
3.623626661
3.533401316
3.44317597
3.352950625
3.262725279
3.172499934
3.15863134
3.144762747
3.130894153
3.11702556
3.103156966
3.094362622
3.085568277
3.076773933
3.067979588
3.059185244
3.0503909
3.041596555
3.032802211
3.024007866
3.015213522
3.014605458
3.013997393
3.013389329
3.012781264
3.0121732
3.011565136
3.010957071
3.010349007
3.009740942
3.009132878
5.833318026
5.376114284
4.918910542
4.632237103
4.345563663
4.115262617
3.884961571
3.72001537
3.555069168
3.469901388
3.384733607
3.299766133
3.214798658
3.129831184
3.044863709
2.959896235
2.946518274
2.933140312
2.919762351
2.906384389
2.893006428
2.884702396
2.876398365
2.868094333
2.859790301
2.85148627
2.843182238
2.834878206
2.826574174
2.818270143
2.809966111
2.809377051
2.808787991
2.808198932
2.807609872
2.807020812
2.806431752
2.805842692
2.805253633
2.804664573
2.804075513
5.574741468
5.137282167
4.699822865
4.426042814
4.152262762
3.932314583
3.712366403
3.554992746
3.397619088
3.321112447
3.244605805
3.163431728
3.082257651
3.001083573
2.919909496
2.838735419
2.825826016
2.812916613
2.80000721
2.787097807
2.774188404
2.766195585
2.758202766
2.750209946
2.742217127
2.734224308
2.726231489
2.71823867
2.71024585
2.702253031
2.694260212
2.693676136
2.693092059
2.692507983
2.691923906
2.69133983
2.690755753
2.690171677
2.6895876
2.689003524
2.688419447
5.477090024
5.049333515
4.621577006
4.354584423
4.087591839
3.873395702
3.659199565
3.506192695
3.353185824
3.281549656
3.209913488
3.131272432
3.052631376
2.973990319
2.895349263
2.816708207
2.804313255
2.791918303
2.77952335
2.767128398
2.754733446
2.746867779
2.739002112
2.731136445
2.723270778
2.715405111
2.707539443
2.699673776
2.691808109
2.683942442
2.676076775
2.675476699
2.674876622
2.674276546
2.67367647
2.673076394
2.672476317
2.671876241
2.671276165
2.670676088
2.670076012
5.492753917
5.065634035
4.638514153
4.372723268
4.106932382
3.89404746
3.681162538
3.528726978
3.376291418
3.307380424
3.238469429
3.160401146
3.082332864
3.004264581
2.926196299
2.848128016
2.836081431
2.824034845
2.81198826
2.799941674
2.787895089
2.780127541
2.772359993
2.764592445
2.756824897
2.74905735
2.741289802
2.733522254
2.725754706
2.717987158
2.71021961
2.709592542
2.708965473
2.708338405
2.707711336
2.707084268
2.7064572
2.705830131
2.705203063
2.704575994
2.703948926
5.615412792
5.180097991
4.744783189
4.474692958
4.204602726
3.988698234
3.772793741
3.617303871
3.461814001
3.394008545
3.326203088
3.246863238
3.167523388
3.088183539
3.008843689
2.929503839
2.917689603
2.905875367
2.894061132
2.882246896
2.87043266
2.862746251
2.855059843
2.847373434
2.839687026
2.832000617
2.824314208
2.8166278
2.808941391
2.801254983
2.793568574
2.792904499
2.792240423
2.791576348
2.790912272
2.790248197
2.789584122
2.788920046
2.788255971
2.787591895
2.78692782
5.870024641
5.418173533
4.966322425
4.68644643
4.406570434
4.183380384
3.960190333
3.798200262
3.636210191
3.565824709
3.495439226
3.412619278
3.32979933
3.246979381
3.164159433
3.081339485
3.069609487
3.05787949
3.046149492
3.034419495
3.022689497
3.015164219
3.007638941
3.000113663
2.992588385
2.985063107
2.977537828
2.97001255
2.962487272
2.954961994
2.947436716
2.946728623
2.94602053
2.945312437
2.944604344
2.943896252
2.943188159
2.942480066
2.941771973
2.94106388
2.940355787
