District Two
54.01400364
47.15645809
40.29891253
35.85189297
31.4048734
28.02796909
24.65106478
22.42846074
20.2058567
19.63841234
19.07096798
18.13351366
17.19605933
16.25860501
15.32115068
14.38369636
14.10994962
13.83620289
13.56245615
13.28870942
13.01496268
12.9091278
12.80329291
12.69745803
12.59162314
12.48578826
12.37995338
12.27411849
12.16828361
12.06244872
11.95661384
11.94971299
11.94281214
11.93591128
11.92901043
11.92210958
11.91520873
11.90830788
11.90140702
11.89450617
11.88760532
17.73743202
16.08234837
14.42726471
13.38994632
12.35262793
11.53469188
10.71675583
10.14979408
9.582832329
9.286810922
8.990789515
8.710007603
8.429225691
8.148443778
7.867661866
7.586879954
7.53501859
7.483157226
7.431295863
7.379434499
7.327573135
7.305104274
7.282635413
7.260166552
7.237697691
7.21522883
7.192759969
7.170291108
7.147822247
7.125353386
7.102884525
7.101968411
7.101052297
7.100136183
7.099220069
7.098303955
7.09738784
7.096471726
7.095555612
7.094639498
7.093723384
11.97452736
10.95037134
9.926215314
9.280072194
8.633929073
8.119215458
7.604501843
7.240400526
6.876299209
6.682843702
6.489388195
6.305400305
6.121412414
5.937424524
5.753436633
5.569448743
5.537041202
5.504633661
5.47222612
5.439818579
5.407411038
5.3912245
5.375037963
5.358851425
5.342664888
5.32647835
5.310291812
5.294105275
5.277918737
5.2617322
5.245545662
5.24473456
5.243923458
5.243112357
5.242301255
5.241490153
5.240679051
5.239867949
5.239056848
5.238245746
5.237434644
9.988264986
9.179050058
8.369835129
7.860111107
7.350387084
6.941330563
6.532274042
6.241192457
5.950110872
5.789878465
5.629646057
5.480656781
5.331667506
5.18267823
5.033688955
4.884699679
4.860434213
4.836168748
4.811903282
4.787637817
4.763372351
4.74984344
4.736314529
4.722785618
4.709256707
4.695727796
4.682198884
4.668669973
4.655141062
4.641612151
4.62808324
4.627308144
4.626533047
4.625757951
4.624982854
4.624207758
4.623432662
4.622657565
4.621882469
4.621107372
4.620332276
8.741095454
8.048832035
7.356568616
6.921403078
6.48623754
6.136805902
5.787374264
5.538235702
5.289097139
5.148112065
5.00712699
4.879022989
4.750918988
4.622814986
4.494710985
4.366606984
4.346494441
4.326381898
4.306269355
4.286156812
4.266044269
4.254125375
4.242206482
4.230287588
4.218368694
4.206449801
4.194530907
4.182612013
4.170693119
4.158774226
4.146855332
4.146124253
4.145393174
4.144662095
4.143931016
4.143199937
4.142468857
4.141737778
4.141006699
4.14027562
4.139544541
7.477827422
6.875394348
6.272961273
5.894712544
5.516463815
5.215676952
4.914890088
4.700989994
4.487089899
4.365157536
4.243225173
4.133980025
4.024734876
3.915489728
3.806244579
3.696999431
3.679164479
3.661329528
3.643494576
3.625659625
3.607824673
3.597271473
3.586718272
3.576165072
3.565611871
3.555058671
3.544505471
3.53395227
3.52339907
3.512845869
3.502292669
3.501642591
3.500992512
3.500342434
3.499692355
3.499042277
3.498392198
3.49774212
3.497092041
3.496441963
3.495791884
6.928082983
6.386940271
5.845797558
5.507806906
5.169816254
4.902095754
4.634375254
4.443441077
4.2525069
4.139756004
4.027005107
3.929767067
3.832529028
3.735290988
3.638052949
3.540814909
3.525833243
3.510851577
3.49586991
3.480888244
3.465906578
3.456512883
3.447119188
3.437725493
3.428331798
3.418938103
3.409544407
3.400150712
3.390757017
3.381363322
3.371969627
3.371345563
3.370721499
3.370097435
3.369473371
3.368849307
3.368225242
3.367601178
3.366977114
3.36635305
3.365728986
6.402649073
5.904046042
5.405443011
5.096096086
4.786749161
4.541670319
4.296591477
4.122068118
3.947544758
3.850695732
3.753846706
3.664822009
3.575797311
3.486772614
3.397747916
3.308723219
3.295100935
3.281478652
3.267856368
3.254234085
3.240611801
3.231945576
3.223279351
3.214613126
3.205946901
3.197280677
3.188614452
3.179948227
3.171282002
3.162615777
3.153949552
3.153348474
3.152747397
3.152146319
3.151545242
3.150944164
3.150343086
3.149742009
3.149140931
3.148539854
3.147938776
6.009007917
5.538910782
5.068813647
4.778091513
4.487369379
4.257194451
4.027019522
3.863314377
3.699609232
3.61524689
3.530884548
3.447041624
3.363198699
3.279355775
3.19551285
3.111669926
3.098528289
3.085386652
3.072245014
3.059103377
3.04596174
3.037778811
3.029595883
3.021412954
3.013230025
3.005047097
2.996864168
2.988681239
2.98049831
2.972315382
2.964132453
2.963551381
2.962970309
2.962389237
2.961808165
2.961227093
2.960646021
2.960064949
2.959483877
2.958902805
2.958321733
5.766152816
5.314619869
4.863086921
4.584703301
4.306319681
4.0862173
3.866114918
3.709822282
3.553529646
3.47770849
3.401887333
3.321783748
3.241680162
3.161576577
3.081472991
3.001369406
2.988686298
2.97600319
2.963320083
2.950636975
2.937953867
2.930078164
2.92220246
2.914326757
2.906451053
2.89857535
2.890699646
2.882823943
2.874948239
2.867072536
2.859196832
2.858619742
2.858042652
2.857465563
2.856888473
2.856311383
2.855734293
2.855157203
2.854580114
2.854003024
2.853425934
5.678001619
5.235416362
4.792831105
4.520894943
4.248958781
4.034438433
3.819918084
3.667912234
3.515906384
3.444885617
3.373864849
3.29626438
3.218663911
3.141063442
3.063462973
2.985862504
2.973689795
2.961517085
2.949344376
2.937171666
2.924998957
2.917249381
2.909499804
2.901750228
2.894000651
2.886251075
2.878501498
2.870751922
2.863002345
2.855252769
2.847503192
2.846910126
2.84631706
2.845723995
2.845130929
2.844537863
2.843944797
2.843351731
2.842758666
2.8421656
2.841572534
5.70039566
5.257917011
4.815438361
4.544463792
4.273489223
4.060180181
3.846871139
3.695406552
3.543941964
3.475611452
3.40728094
3.330247184
3.253213428
3.176179673
3.099145917
3.022112161
3.010285864
2.998459566
2.986633269
2.974806971
2.962980674
2.955326212
2.947671751
2.940017289
2.932362827
2.924708366
2.917053904
2.909399442
2.90174498
2.894090519
2.886436057
2.885817
2.885197944
2.884578887
2.883959831
2.883340774
2.882721717
2.882102661
2.881483604
2.880864548
2.880245491
5.827734598
5.37669622
4.925657842
4.650233692
4.374809542
4.158441088
3.942072634
3.787553705
3.633034776
3.565779621
3.498524465
3.420229137
3.341933808
3.26363848
3.185343151
3.107047823
3.095445851
3.083843879
3.072241907
3.060639935
3.049037963
3.041464684
3.033891404
3.026318125
3.018744846
3.011171567
3.003598287
2.996025008
2.988451729
2.980878449
2.97330517
2.972648081
2.971990992
2.971333904
2.970676815
2.970019726
2.969362637
2.968705548
2.96804846
2.967391371
2.966734282
6.081446471
5.613936651
5.14642683
4.861292028
4.576157226
4.352583092
4.129008957
3.968079826
3.807150694
3.737350556
3.667550417
3.585823005
3.504095593
3.422368182
3.34064077
3.258913358
3.247399624
3.23588589
3.224372156
3.212858422
3.201344688
3.193928506
3.186512325
3.179096143
3.171679962
3.16426378
3.156847598
3.149431417
3.142015235
3.134599054
3.127182872
3.126483793
3.125784713
3.125085634
3.124386554
3.123687475
3.122988395
3.122289316
3.121590236
3.120891157
3.120192077
