District Three
53.15291744
46.301781
39.45064456
34.99458322
30.53852187
27.14576624
23.75301061
21.52586929
19.29872796
18.71414824
18.12956852
17.1993919
16.26921527
15.33903865
14.40886202
13.4786854
13.2112009
12.94371641
12.67623191
12.40874742
12.14126292
12.03812729
11.93499166
11.83185603
11.7287204
11.62558478
11.52244915
11.41931352
11.31617789
11.21304226
11.10990663
11.10303582
11.09616502
11.08929421
11.0824234
11.0755526
11.06868179
11.06181098
11.05494017
11.04806937
11.04119856
17.50419763
15.85987296
14.21554828
13.18194052
12.14833275
11.32905515
10.50977755
9.941589675
9.373401799
9.068778094
8.764154389
8.484910561
8.205666733
7.926422905
7.647179077
7.367935249
7.317833061
7.267730873
7.217628686
7.167526498
7.11742431
7.095498724
7.073573137
7.051647551
7.029721965
7.007796379
6.985870792
6.963945206
6.94201962
6.920094033
6.898168447
6.897304362
6.896440278
6.895576193
6.894712108
6.893848024
6.892983939
6.892119854
6.891255769
6.890391685
6.8895276
11.79339763
10.77973296
9.766068288
9.126800016
8.487531743
7.975517626
7.463503509
7.102454028
6.741404547
6.54205023
6.342695913
6.161631746
5.980567579
5.799503411
5.618439244
5.437375077
5.40730505
5.377235022
5.347164995
5.317094967
5.28702494
5.271548362
5.256071783
5.240595205
5.225118627
5.209642049
5.19416547
5.178688892
5.163212314
5.147735735
5.132259157
5.131487065
5.130714973
5.129942881
5.129170789
5.128398698
5.127626606
5.126854514
5.126082422
5.12531033
5.124538238
9.843239936
9.043143691
8.243047446
7.739484749
7.235922052
6.829633357
6.423344661
6.135167132
5.846989603
5.682113765
5.517237926
5.370828873
5.224419821
5.078010768
4.931601716
4.785192663
4.762976015
4.740759367
4.71854272
4.696326072
4.674109424
4.661181107
4.648252789
4.635324472
4.622396154
4.609467837
4.59653952
4.583611202
4.570682885
4.557754567
4.54482625
4.544086158
4.543346065
4.542605973
4.54186588
4.541125788
4.540385696
4.539645603
4.538905511
4.538165418
4.537425326
8.612071571
7.928220029
7.244368486
6.81477662
6.385184753
6.038323512
5.69146227
5.444900458
5.198338646
5.053605141
4.908871636
4.783012415
4.657153195
4.531293974
4.405434754
4.279575533
4.261246982
4.242918431
4.22458988
4.206261329
4.187932778
4.176521281
4.165109784
4.153698286
4.142286789
4.130875292
4.119463795
4.108052298
4.0966408
4.085229303
4.073817806
4.073117725
4.072417644
4.071717563
4.071017482
4.070317402
4.069617321
4.06891724
4.068217159
4.067517078
4.066816997
7.350630798
6.756243072
6.161855346
5.788803601
5.415751856
5.117419381
4.819086905
4.607547504
4.396008102
4.270941979
4.145875856
4.038636851
3.931397846
3.824158841
3.716919836
3.609680831
3.593415447
3.577150063
3.560884679
3.544619295
3.528353911
3.518245919
3.508137928
3.498029936
3.487921945
3.477813953
3.467705961
3.45759797
3.447489978
3.437381987
3.427273995
3.426649931
3.426025867
3.425401803
3.424777739
3.424153675
3.423529611
3.422905547
3.422281483
3.421657419
3.421033355
6.801417809
6.268924551
5.736431292
5.404106966
5.071782639
4.806900918
4.542019197
4.353659708
4.165300218
4.050065421
3.934830624
3.839598298
3.744365972
3.649133646
3.55390132
3.458668994
3.445188613
3.431708232
3.418227851
3.40474747
3.391267089
3.382280489
3.373293889
3.364307289
3.355320689
3.346334089
3.337347489
3.328360889
3.319374289
3.310387689
3.301401089
3.300801013
3.300200937
3.29960086
3.299000784
3.298400708
3.297800632
3.297200556
3.296600479
3.296000403
3.295400327
6.276331581
5.786251791
5.296172001
4.991879663
4.687587325
4.444881119
4.202174913
4.029740044
3.857305174
3.757982207
3.658659239
3.571263487
3.483867735
3.396471984
3.309076232
3.22168048
3.209333017
3.196985555
3.184638092
3.17229063
3.159943167
3.151637947
3.143332727
3.135027507
3.126722287
3.118417067
3.110111846
3.101806626
3.093501406
3.085196186
3.076890966
3.076312898
3.075734831
3.075156763
3.074578696
3.074000628
3.07342256
3.072844493
3.072266425
3.071688358
3.07111029
5.873418209
5.412483868
4.951549527
4.665986209
4.38042289
4.152634973
3.924847055
3.763139933
3.601432811
3.514891508
3.428350205
3.346011857
3.263673509
3.181335161
3.098996813
3.016658465
3.004683498
2.992708531
2.980733564
2.968758597
2.95678363
2.948934626
2.941085622
2.933236618
2.925387614
2.91753861
2.909689606
2.901840602
2.893991598
2.886142594
2.87829359
2.877731522
2.877169455
2.876607387
2.87604532
2.875483252
2.874921184
2.874359117
2.873797049
2.873234982
2.872672914
5.625269466
5.183258848
4.741248229
4.468052933
4.194857636
3.977111931
3.759366225
3.604976024
3.450585822
3.372765537
3.294945252
3.216238065
3.137530879
3.058823692
2.980116506
2.901409319
2.889810713
2.878212108
2.866613502
2.855014897
2.843416291
2.835853431
2.828290571
2.820727711
2.813164851
2.805601992
2.798039132
2.790476272
2.782913412
2.775350552
2.767787692
2.767228629
2.766669565
2.766110502
2.765551439
2.764992376
2.764433312
2.763874249
2.763315186
2.762756122
2.762197059
5.536122652
5.103094628
4.670066603
4.403173348
4.136280092
3.924005935
3.711731778
3.5615081
3.411284421
3.338359717
3.265435012
3.189138621
3.11284223
3.036545838
2.960249447
2.883953056
2.872812778
2.8616725
2.850532222
2.839391944
2.828251666
2.820800929
2.813350192
2.805899455
2.798448718
2.790997981
2.783547244
2.776096507
2.76864577
2.761195033
2.753744296
2.753169233
2.75259417
2.752019106
2.751444043
2.75086898
2.750293917
2.749718854
2.74914379
2.748568727
2.747993664
5.55908156
5.126074428
4.693067296
4.426960439
4.160853582
3.949655469
3.738457355
3.588644565
3.438831774
3.368612278
3.298392781
3.222576947
3.146761112
3.070945278
2.995129443
2.919313609
2.908477645
2.897641681
2.886805716
2.875969752
2.865133788
2.857770149
2.85040651
2.843042872
2.835679233
2.828315594
2.820951955
2.813588316
2.806224678
2.798861039
2.7914974
2.790894343
2.790291286
2.78968823
2.789085173
2.788482116
2.787879059
2.787276002
2.786672946
2.786069889
2.785466832
5.68982581
5.24805355
4.806281289
4.535529515
4.264777741
4.050349854
3.835921966
3.68289442
3.529866873
3.460572741
3.391278608
3.314107038
3.236935468
3.159763897
3.082592327
3.005420757
2.994764998
2.984109238
2.973453479
2.962797719
2.95214196
2.944845443
2.937548926
2.930252408
2.922955891
2.915659374
2.908362857
2.90106634
2.893769822
2.886473305
2.879176788
2.878537702
2.877898616
2.877259529
2.876620443
2.875981357
2.875342271
2.874703185
2.874064098
2.873425012
2.872785926
5.943899491
5.485960827
5.028022162
4.747824593
4.467627023
4.246188563
4.024750103
3.865422367
3.70609463
3.634395247
3.562695863
3.482168147
3.401640431
3.321112714
3.240584998
3.160057282
3.149519698
3.138982114
3.12844453
3.117906946
3.107369362
3.100223927
3.093078492
3.085933057
3.078787622
3.071642188
3.064496753
3.057351318
3.050205883
3.043060448
3.035915013
3.035232935
3.034550856
3.033868778
3.0331867
3.032504622
3.031822543
3.031140465
3.030458387
3.029776308
3.02909423
