District One
53.96111573
47.14299563
40.32487552
35.89168979
31.45850405
28.0840433
24.70958254
22.47705826
20.24453398
19.69207366
19.13961333
18.1860377
17.23246207
16.27888645
15.32531082
14.37173519
14.08882399
13.80591279
13.52300159
13.24009039
12.95717919
12.84754436
12.73790953
12.6282747
12.51863987
12.40900504
12.29937021
12.18973538
12.08010055
11.97046572
11.86083089
11.85382999
11.84682908
11.83982818
11.83282727
11.82582637
11.81882547
11.81182456
11.80482366
11.79782275
11.79082185
17.70599616
16.05734963
14.40870309
13.3716228
12.3345425
11.51559661
10.69665072
10.12746389
9.558277066
9.26924255
8.980208034
8.695245102
8.41028217
8.125319239
7.840356307
7.555393375
7.501184633
7.44697589
7.392767148
7.338558405
7.284349663
7.261100369
7.237851075
7.214601781
7.191352487
7.168103193
7.144853899
7.121604605
7.098355311
7.075106017
7.051856723
7.05087661
7.049896496
7.048916383
7.047936269
7.046956156
7.045976043
7.044995929
7.044015816
7.043035702
7.042055589
12.01498989
10.98992918
9.964868474
9.313609081
8.662349687
8.143019249
7.623688811
7.25397388
6.884258949
6.695627034
6.506995119
6.318218401
6.129441683
5.940664966
5.751888248
5.56311153
5.52791603
5.492720529
5.457525029
5.422329528
5.387134028
5.370046371
5.352958714
5.335871057
5.3187834
5.301695744
5.284608087
5.26752043
5.250432773
5.233345116
5.216257459
5.215397332
5.214537206
5.213677079
5.212816952
5.211956826
5.211096699
5.210236572
5.209376445
5.208516319
5.207656192
10.0313859
9.220234834
8.409083768
7.894436575
7.379789382
6.966379036
6.55296869
6.256921186
5.960873682
5.804385025
5.647896367
5.494827923
5.341759479
5.188691036
5.035622592
4.882554148
4.855897683
4.829241219
4.802584754
4.77592829
4.749271825
4.734985059
4.720698294
4.706411528
4.692124763
4.677837997
4.663551231
4.649264466
4.6349777
4.620690935
4.606404169
4.605585103
4.604766037
4.60394697
4.603127904
4.602308838
4.601489772
4.600670706
4.599851639
4.599032573
4.598213507
8.783730376
8.089283794
7.394837212
6.95520154
6.515565867
6.162232483
5.808899098
5.555417568
5.301936037
5.163889355
5.025842673
4.894203082
4.762563492
4.630923901
4.499284311
4.36764472
4.345463863
4.323283005
4.301102148
4.27892129
4.256740433
4.244176074
4.231611715
4.219047355
4.206482996
4.193918637
4.181354278
4.168789919
4.156225559
4.1436612
4.131096841
4.130325751
4.12955466
4.12878357
4.128012479
4.127241389
4.126470298
4.125699208
4.124928117
4.124157027
4.123385936
7.519843091
6.915477944
6.311112796
5.928910743
5.546708689
5.242451425
4.938194161
4.720467225
4.502740289
4.383246831
4.263753372
4.151399416
4.03904546
3.926691504
3.814337548
3.701983592
3.682328879
3.662674166
3.643019452
3.623364739
3.603710026
3.592590489
3.581470953
3.570351416
3.55923188
3.548112343
3.536992806
3.52587327
3.514753733
3.503634197
3.49251466
3.491829577
3.491144495
3.490459412
3.48977433
3.489089247
3.488404164
3.487719082
3.487033999
3.486348917
3.485663834
6.971825852
6.428132073
5.884438294
5.542155275
5.199872256
4.92848708
4.657101904
4.462296742
4.26749158
4.156569554
4.045647528
3.945415273
3.845183018
3.744950764
3.644718509
3.544486254
3.527783129
3.511080004
3.494376878
3.477673753
3.460970628
3.451060713
3.441150798
3.431240883
3.421330968
3.411421053
3.401511138
3.391601223
3.381691308
3.371781393
3.361871478
3.361214389
3.3605573
3.359900211
3.359243122
3.358586034
3.357928945
3.357271856
3.356614767
3.355957678
3.355300589
6.4298822
5.930104511
5.430326821
5.117949123
4.805571424
4.557659431
4.309747438
4.132064596
3.954381753
3.859511626
3.764641498
3.673097363
3.581553229
3.490009094
3.39846496
3.306920825
3.291827468
3.276734111
3.261640754
3.246547397
3.23145404
3.222326732
3.213199425
3.204072117
3.194944809
3.185817502
3.176690194
3.167562886
3.158435578
3.149308271
3.140180963
3.13955089
3.138920817
3.138290745
3.137660672
3.137030599
3.136400526
3.135770453
3.135140381
3.134510308
3.133880235
6.030251932
5.559486026
5.08872012
4.795402841
4.502085561
4.26934295
4.036600339
3.869981449
3.703362558
3.62078905
3.538215542
3.452037616
3.36585969
3.279681765
3.193503839
3.107325913
3.092831382
3.078336851
3.06384232
3.049347789
3.034853258
3.026242341
3.017631424
3.009020506
3.000409589
2.991798672
2.983187755
2.974576838
2.96596592
2.957355003
2.948744086
2.948135998
2.94752791
2.946919822
2.946311734
2.945703646
2.945095558
2.94448747
2.943879382
2.943271294
2.942663206
5.781989432
5.330223368
4.878457303
4.597839141
4.317220978
4.094781327
3.872341676
3.713340838
3.55434
3.480202719
3.406065437
3.323775155
3.241484873
3.159194592
3.07690431
2.994614028
2.98067022
2.966726412
2.952782605
2.938838797
2.924894989
2.916615315
2.908335641
2.900055968
2.891776294
2.88349662
2.875216946
2.866937272
2.858657599
2.850377925
2.842098251
2.841496172
2.840894093
2.840292013
2.839689934
2.839087855
2.838485776
2.837883697
2.837281617
2.836679538
2.836077459
5.688092563
5.245774592
4.80345662
4.529676485
4.25589635
4.039284209
3.822672067
3.668143295
3.513614522
3.444237756
3.374860989
3.29519998
3.215538971
3.135877962
3.056216953
2.976555944
2.963180627
2.94980531
2.936429993
2.923054676
2.909679359
2.901541895
2.893404431
2.885266967
2.877129503
2.868992039
2.860854575
2.852717111
2.844579647
2.836442183
2.828304719
2.827687642
2.827070564
2.826453487
2.825836409
2.825219332
2.824602254
2.823985177
2.823368099
2.822751022
2.822133944
5.705101802
5.26335552
4.821609237
4.549151429
4.27669362
4.061508076
3.846322531
3.692500482
3.538678432
3.472006655
3.405334878
3.326334819
3.247334761
3.168334702
3.089334644
3.010334585
2.997355801
2.984377018
2.971398234
2.958419451
2.945440667
2.937412347
2.929384026
2.921355706
2.913327386
2.905299066
2.897270745
2.889242425
2.881214105
2.873185784
2.865157464
2.864514372
2.86387128
2.863228188
2.862585096
2.861942004
2.861298911
2.860655819
2.860012727
2.859369635
2.858726543
5.825895723
5.376030211
4.926164698
4.649557566
4.372950433
4.154885507
3.936820581
3.780104504
3.623388427
3.55796728
3.492546133
3.412372716
3.332199299
3.252025881
3.171852464
3.091679047
3.07897668
3.066274313
3.053571946
3.040869579
3.028167212
3.020231086
3.01229496
3.004358834
2.996422708
2.988486582
2.980550456
2.97261433
2.964678204
2.956742078
2.948805952
2.948125877
2.947445801
2.946765726
2.946085651
2.945405576
2.9447255
2.944045425
2.94336535
2.942685274
2.942005199
6.079785171
5.613118379
5.146451586
4.859813865
4.573176144
4.34767073
4.122165315
3.958869187
3.795573058
3.727442049
3.659311039
3.575593555
3.49187607
3.408158586
3.324441101
3.240723617
3.228075549
3.215427481
3.202779414
3.190131346
3.177483278
3.169715298
3.161947319
3.154179339
3.14641136
3.13864338
3.1308754
3.123107421
3.115339441
3.107571462
3.099803482
3.099078412
3.098353342
3.097628271
3.096903201
3.096178131
3.095453061
3.094727991
3.09400292
3.09327785
3.09255278
