District Five
53.28320568
46.44807676
39.61294784
35.16494886
30.71694988
27.23498025
23.75301061
21.9987723
20.24453398
19.28673108
18.32892818
17.39094746
16.45296673
15.51498601
14.57700528
13.63902456
13.36664553
13.0942665
12.82188746
12.54950843
12.2771294
12.17193792
12.06674644
11.96155497
11.85636349
11.75117201
11.64598053
11.54078905
11.43559758
11.3304061
11.22521462
11.21830375
11.21139289
11.20448202
11.19757115
11.19066029
11.18374942
11.17683855
11.16992768
11.16301682
11.15610595
17.5307914
15.88746016
14.24412892
13.21011438
12.17609983
11.34293869
10.50977755
10.03402731
9.558277066
9.178925495
8.799573923
8.518405937
8.23723795
7.956069964
7.674901977
7.393733991
7.342353774
7.290973557
7.239593341
7.188213124
7.136832907
7.114490481
7.092148054
7.069805628
7.047463201
7.025120775
7.002778348
6.980435922
6.958093495
6.935751069
6.913408642
6.912510507
6.911612372
6.910714236
6.909816101
6.908917966
6.908019831
6.907121696
6.90622356
6.905325425
6.90442729
11.84014752
10.82441676
9.808686003
9.166240041
8.523794078
7.993648794
7.463503509
7.173881229
6.884258949
6.629662719
6.375066488
6.191578153
6.008089818
5.824601483
5.641113148
5.457624813
5.426005323
5.394385833
5.362766344
5.331146854
5.299527364
5.283558506
5.267589648
5.251620791
5.235651933
5.219683075
5.203714217
5.187745359
5.171776502
5.155807644
5.139838786
5.139040703
5.138242621
5.137444538
5.136646455
5.135848373
5.13505029
5.134252207
5.133454124
5.132656042
5.131857959
9.885697584
9.083277597
8.280857609
7.774249065
7.267640521
6.845492591
6.423344661
6.192109172
5.960873682
5.752506758
5.544139833
5.39562149
5.247103147
5.098584805
4.950066462
4.801548119
4.777976357
4.754404596
4.730832834
4.707261073
4.683689311
4.670342956
4.656996602
4.643650247
4.630303892
4.616957538
4.603611183
4.590264828
4.576918473
4.563572119
4.550225764
4.549460682
4.548695601
4.547930519
4.547165438
4.546400356
4.545635274
4.544870193
4.544105111
4.54334003
4.542574948
8.651768703
7.965569631
7.279370558
6.846994763
6.414618967
6.053040619
5.69146227
5.496699154
5.301936037
5.11772535
4.933514662
4.80582111
4.678127557
4.550434005
4.422740452
4.2950469
4.275541858
4.256036816
4.236531775
4.217026733
4.197521691
4.185754311
4.173986931
4.162219551
4.150452171
4.138684792
4.126917412
4.115150032
4.103382652
4.091615272
4.079847892
4.07912678
4.078405668
4.077684556
4.076963444
4.076242332
4.07552122
4.074800108
4.074078996
4.073357884
4.072636772
7.390106972
6.793507264
6.196907555
5.821333157
5.445758758
5.132422832
4.819086905
4.660913597
4.502740289
4.337012727
4.171285164
4.062424165
3.953563166
3.844702168
3.735841169
3.62698017
3.609678562
3.592376953
3.575075345
3.557773736
3.540472128
3.530051361
3.519630594
3.509209827
3.49878906
3.488368293
3.477947525
3.467526758
3.457105991
3.446685224
3.436264457
3.43562239
3.434980323
3.434338257
3.43369619
3.433054123
3.432412056
3.431769989
3.431127923
3.430485856
3.429843789
6.841656298
6.306566995
5.771477691
5.436390919
5.101304147
4.821661672
4.542019197
4.404755389
4.26749158
4.113044112
3.958596643
3.861782684
3.764968724
3.668154765
3.571340805
3.474526846
3.460062349
3.445597852
3.431133355
3.416668858
3.402204361
3.392933069
3.383661777
3.374390486
3.365119194
3.355847902
3.34657661
3.337305318
3.328034027
3.318762735
3.309491443
3.308874366
3.308257288
3.307640211
3.307023133
3.306406056
3.305788978
3.305171901
3.304554823
3.303937746
3.303320668
6.30996874
5.817858553
5.325748366
5.019309738
4.71287111
4.457523012
4.202174913
4.078278333
3.954381753
3.81713123
3.679880707
3.591167766
3.502454825
3.413741883
3.325028942
3.236316001
3.22312677
3.20993754
3.196748309
3.183559079
3.170369848
3.161810985
3.153252122
3.144693258
3.136134395
3.127575532
3.119016669
3.110457806
3.101898942
3.093340079
3.084781216
3.084187149
3.083593081
3.082999014
3.082404947
3.08181088
3.081216812
3.080622745
3.080028678
3.07943461
3.078840543
5.906430216
5.443545742
4.980661267
4.693107307
4.405553346
4.165200201
3.924847055
3.814104807
3.703362558
3.576476093
3.449589628
3.366030346
3.282471063
3.198911781
3.115352498
3.031793216
3.019044554
3.006295892
2.993547229
2.980798567
2.968049905
2.959965301
2.951880698
2.943796094
2.935711491
2.927626887
2.919542283
2.91145768
2.903373076
2.895288473
2.887203869
2.886628806
2.886053743
2.885478679
2.884903616
2.884328553
2.88375349
2.883178427
2.882603363
2.8820283
2.881453237
5.657107132
5.21325684
4.769406548
4.494360667
4.219314785
3.989340505
3.759366225
3.656853113
3.55434
3.435051575
3.31576315
3.235913164
3.156063178
3.076213193
2.996363207
2.916513221
2.904194995
2.891876768
2.879558542
2.867240315
2.854922089
2.847137682
2.839353275
2.831568868
2.823784461
2.816000054
2.808215646
2.800431239
2.792646832
2.784862425
2.777078018
2.776505959
2.775933901
2.775361842
2.774789784
2.774217725
2.773645666
2.773073608
2.772501549
2.771929491
2.771357432
5.565947995
5.131265072
4.696582149
4.428013828
4.159445507
3.935588643
3.711731778
3.61267315
3.513614522
3.399457974
3.285301425
3.207928396
3.130555368
3.053182339
2.975809311
2.898436282
2.886606481
2.874776679
2.862946878
2.851117076
2.839287275
2.831623999
2.823960723
2.816297446
2.80863417
2.800970894
2.793307618
2.785644342
2.777981065
2.770317789
2.762654513
2.762066455
2.761478396
2.760890338
2.760302279
2.759714221
2.759126162
2.758538104
2.757950045
2.757361987
2.756773928
5.586704007
5.152237463
4.717770918
4.450169029
4.18256714
3.960512248
3.738457355
3.638567894
3.538678432
3.427938382
3.317198332
3.240355991
3.16351365
3.08667131
3.009828969
2.932986628
2.921489136
2.909991645
2.898494153
2.886996662
2.87549917
2.867928016
2.860356863
2.852785709
2.845214556
2.837643402
2.830072248
2.822501095
2.814929941
2.807358788
2.799787634
2.79917256
2.798557485
2.797942411
2.797327336
2.796712262
2.796097188
2.795482113
2.794867039
2.794251964
2.79363689
5.714074836
5.271073464
4.828072091
4.555980455
4.283888818
4.059905392
3.835921966
3.729655197
3.623388427
3.515745571
3.408102715
3.329960733
3.25181875
3.173676768
3.095534785
3.017392803
3.006103624
2.994814445
2.983525266
2.972236087
2.960946908
2.953451891
2.945956874
2.938461857
2.93096684
2.923471824
2.915976807
2.90848179
2.900986773
2.893491756
2.885996739
2.885344658
2.884692576
2.884040495
2.883388413
2.882736332
2.88208425
2.881432169
2.880780087
2.880128006
2.879475924
5.968177234
5.508809503
5.049441771
4.767719578
4.485997384
4.255373744
4.024750103
3.910161581
3.795573058
3.686846233
3.578119408
3.496563292
3.415007176
3.333451061
3.251894945
3.170338829
3.159149836
3.147960843
3.13677185
3.125582857
3.114393864
3.107054956
3.099716048
3.09237714
3.085038232
3.077699324
3.070360416
3.063021508
3.0556826
3.048343692
3.041004784
3.040308709
3.039612634
3.038916559
3.038220484
3.03752441
3.036828335
3.03613226
3.035436185
3.03474011
3.034044035
