District Four
53.3269074
46.49283254
39.65875767
35.21530946
30.77186125
27.38942324
24.00698523
21.78160383
19.55622242
18.97612475
18.39602708
17.46176633
16.52750557
15.59324482
14.65898406
13.72472331
13.45350368
13.18228405
12.91106441
12.63984478
12.36862515
12.2639036
12.15918204
12.05446049
11.94973894
11.84501739
11.74029583
11.63557428
11.53085273
11.42613117
11.32140962
11.31444877
11.30748793
11.30052708
11.29356624
11.28660539
11.27964454
11.2726837
11.26572285
11.25876201
11.25180116
17.53170235
15.88882049
14.24593863
13.21322245
12.18050626
11.36302229
10.54553831
9.978158557
9.410778803
9.109621777
8.808464751
8.528530509
8.248596267
7.968662025
7.688727783
7.408793541
7.357734944
7.306676347
7.255617751
7.204559154
7.153500557
7.131274068
7.109047579
7.08682109
7.064594601
7.042368112
7.020141623
6.997915134
6.975688645
6.953462156
6.931235667
6.930352554
6.929469441
6.928586328
6.927703215
6.926820102
6.925936989
6.925053876
6.924170763
6.92328765
6.922404537
11.8240193
10.80961611
9.795212924
9.15461411
8.514015295
8.001708717
7.489402138
7.127368923
6.765335707
6.568384561
6.371433414
6.189178137
6.00692286
5.824667584
5.642412307
5.46015703
5.428998199
5.397839367
5.366680536
5.335521704
5.304362873
5.288558267
5.27275366
5.256949054
5.241144447
5.225339841
5.209535234
5.193730628
5.177926021
5.162121415
5.146316808
5.145531697
5.144746585
5.143961474
5.143176362
5.142391251
5.14160614
5.140821028
5.140035917
5.139250805
5.138465694
9.876668923
9.074869619
8.273070314
7.7676079
7.262145485
6.854834113
6.447522741
6.157912121
5.868301501
5.704988163
5.541674825
5.393964806
5.246254786
5.098544767
4.950834747
4.803124728
4.779913223
4.756701719
4.733490214
4.71027871
4.687067205
4.673821908
4.660576611
4.647331314
4.634086017
4.620840721
4.607595424
4.594350127
4.58110483
4.567859533
4.554614236
4.553806139
4.552998041
4.552189944
4.551381846
4.550573749
4.549765651
4.548957554
4.548149456
4.547341359
4.546533261
8.644323219
7.958474462
7.272625705
6.841130598
6.40963549
6.061663067
5.713690644
5.465776858
5.217863072
5.074322047
4.930781022
4.80375376
4.676726499
4.549699237
4.422671976
4.295644714
4.27648166
4.257318606
4.238155552
4.218992498
4.199829444
4.188149132
4.17646882
4.164788508
4.153108196
4.141427884
4.129747572
4.11806726
4.106386948
4.094706636
4.083026324
4.082243216
4.081460107
4.080676999
4.079893891
4.079110783
4.078327674
4.077544566
4.076761458
4.075978349
4.075195241
7.385721686
6.789147725
6.192573764
5.817634896
5.442696028
5.143202719
4.843709409
4.630863586
4.418017762
4.293889747
4.169761732
4.061445017
3.953128302
3.844811588
3.736494873
3.628178158
3.611206606
3.594235053
3.577263501
3.560291948
3.543320396
3.532974675
3.522628953
3.512283232
3.50193751
3.491591789
3.481246067
3.470900346
3.460554624
3.450208903
3.439863181
3.439146075
3.438428969
3.437711863
3.436994757
3.436277651
3.435560545
3.434843439
3.434126333
3.433409227
3.432692121
6.838242655
6.303068608
5.767894561
5.433373347
5.098852132
4.832560055
4.566267977
4.376477565
4.186687152
4.072120554
3.957553955
3.861228151
3.764902347
3.668576542
3.572250738
3.475924934
3.461782505
3.447640076
3.433497647
3.419355218
3.405212789
3.39600652
3.386800252
3.377593983
3.368387715
3.359181446
3.349975177
3.340768909
3.33156264
3.322356372
3.313150103
3.312451024
3.311751944
3.311052865
3.310353785
3.309654706
3.308955626
3.308256547
3.307557467
3.306858388
3.306159308
6.311496231
5.818896135
5.326296039
5.02012291
4.71394978
4.47006899
4.2261882
4.052573096
3.878957991
3.780318293
3.681678594
3.593377755
3.505076917
3.416776078
3.32847524
3.240174401
3.227279181
3.214383961
3.201488742
3.188593522
3.175698302
3.167198471
3.15869864
3.150198808
3.141698977
3.133199146
3.124699315
3.116199484
3.107699652
3.099199821
3.09069999
3.090022919
3.089345848
3.088668778
3.087991707
3.087314636
3.086637565
3.085960494
3.085283424
3.084606353
3.083929282
5.91102794
5.447413669
4.983799397
4.696365702
4.408932006
4.179999744
3.951067482
3.788240553
3.625413624
3.539445663
3.453477702
3.370302519
3.287127335
3.203952152
3.120776968
3.037601785
3.025139166
3.012676547
3.000213929
2.98775131
2.975288691
2.96725911
2.95922953
2.951199949
2.943170368
2.935140788
2.927111207
2.919081626
2.911052045
2.903022465
2.894992884
2.894332791
2.893672697
2.893012604
2.892352511
2.891692418
2.891032324
2.890372231
2.889712138
2.889052044
2.888391951
5.663935294
5.219185183
4.774435072
4.499399518
4.224363963
4.005509089
3.786654214
3.631214573
3.475774931
3.398463103
3.321151274
3.241663394
3.162175514
3.082687634
3.003199754
2.923711874
2.91167368
2.899635485
2.887597291
2.875559096
2.863520902
2.85578751
2.848054117
2.840320725
2.832587333
2.824853941
2.817120548
2.809387156
2.801653764
2.793920371
2.786186979
2.785529914
2.784872849
2.784215784
2.783558719
2.782901654
2.782244589
2.781587524
2.780930459
2.780273394
2.779616329
5.575207922
5.139455284
4.703702646
4.435029331
4.166356015
3.95299791
3.739639804
3.588376632
3.437113459
3.364632027
3.292150595
3.215089609
3.138028623
3.060967637
2.983906651
2.906845665
2.895263795
2.883681925
2.872100054
2.860518184
2.848936314
2.84131805
2.833699787
2.826081523
2.818463259
2.810844996
2.803226732
2.795608468
2.787990204
2.780371941
2.772753677
2.772082591
2.771411506
2.77074042
2.770069334
2.769398249
2.768727163
2.768056077
2.767384991
2.766713906
2.76604282
5.597745915
5.162079358
4.726412801
4.458610881
4.19080896
3.978577039
3.766345117
3.615527939
3.464710761
3.394899531
3.325088301
3.248527884
3.171967468
3.095407051
3.018846635
2.942286218
2.931008666
2.919731113
2.908453561
2.897176008
2.885898456
2.878367269
2.870836082
2.863304895
2.855773708
2.848242521
2.840711334
2.833180147
2.82564896
2.818117773
2.810586586
2.809892514
2.809198442
2.80850437
2.807810298
2.807116226
2.806422154
2.805728082
2.80503401
2.804339938
2.803645866
5.725466426
5.281265058
4.837063689
4.56477729
4.292490891
4.077159197
3.861827503
3.707905817
3.553984131
3.485193398
3.416402664
3.338546623
3.260690582
3.182834541
3.1049785
3.027122459
3.016039205
3.004955951
2.993872698
2.982789444
2.97170619
2.964250139
2.956794089
2.949338038
2.941881988
2.934425937
2.926969886
2.919513836
2.912057785
2.904601735
2.897145684
2.896423618
2.895701553
2.894979487
2.894257421
2.893535356
2.89281329
2.892091224
2.891369158
2.890647093
2.889925027
5.979749183
5.519096553
5.058443923
4.776521478
4.494599033
4.272096802
4.049594571
3.889287776
3.72898098
3.65769016
3.58639934
3.505141132
3.423882924
3.342624716
3.261366508
3.1801083
3.169121272
3.158134245
3.147147217
3.13616019
3.125173162
3.117873244
3.110573325
3.103273407
3.095973489
3.088673571
3.081373652
3.074073734
3.066773816
3.059473897
3.052173979
3.051408874
3.050643768
3.049878663
3.049113557
3.048348452
3.047583346
3.046818241
3.046053135
3.04528803
3.044522924
